32 0.0195312 0.0390625 0 0.109375 0 0 0.015625
49 0.0390625 0.0390625 0.0078125 0.03125 0.015625 0.078125 0.03125
50 0.0742188 0.0390625 0.00390625 0.03125 0.0273438 0.078125 0.03125
51 0.121094 0.0390625 0.00390625 0.03125 0.0234375 0.078125 0.03125
52 0.164062 0.0390625 0.00390625 0.03125 0.0273438 0.078125 0.03125
53 0.210938 0.0390625 0.00390625 0.03125 0.0234375 0.078125 0.03125
54 0.253906 0.0390625 0.00390625 0.03125 0.0234375 0.078125 0.03125
55 0.296875 0.0390625 0.00390625 0.03125 0.0234375 0.078125 0.03125
56 0.339844 0.0390625 0.00390625 0.03125 0.0234375 0.078125 0.03125
57 0.382812 0.0390625 0.00390625 0.03125 0.0234375 0.078125 0.03125
48 0.425781 0.0390625 0.00390625 0.03125 0.0234375 0.078125 0.03125
97 0.46875 0.0390625 0.00390625 0.046875 0.0195312 0.0625 0.0273438
98 0.507812 0.0390625 0.00390625 0.0234375 0.0234375 0.0859375 0.03125
99 0.550781 0.0390625 0.00390625 0.046875 0.0195312 0.0625 0.0273438
100 0.589844 0.0390625 0.00390625 0.0234375 0.0234375 0.0859375 0.03125
101 0.632812 0.0390625 0.00390625 0.046875 0.0234375 0.0625 0.03125
102 0.675781 0.0390625 0 0.0234375 0.0195312 0.0859375 0.015625
103 0.714844 0.0390625 0.00390625 0.046875 0.0273438 0.0859375 0.0273438
104 0.761719 0.0390625 0.00390625 0.0234375 0.0234375 0.0859375 0.03125
105 0.804688 0.0390625 0 0.0234375 0.0117188 0.0859375 0.015625
106 0.835938 0.0390625 -0.00390625 0.0234375 0.015625 0.109375 0.015625
107 0.871094 0.0390625 0.00390625 0.0234375 0.0273438 0.0859375 0.0273438
108 0.917969 0.0390625 0.00390625 0.0234375 0.0078125 0.0859375 0.015625
109 0.945312 0.0390625 0.00390625 0.046875 0.0429688 0.0625 0.0507812
110 0.0195312 0.1875 0.00390625 0.046875 0.0234375 0.0625 0.03125
111 0.0625 0.1875 0.00390625 0.046875 0.0234375 0.0625 0.03125
112 0.105469 0.1875 0.00390625 0.046875 0.0234375 0.0859375 0.03125
113 0.148438 0.1875 0.00390625 0.046875 0.0234375 0.0859375 0.03125
114 0.191406 0.1875 0.00390625 0.046875 0.015625 0.0625 0.0195312
115 0.226562 0.1875 0 0.046875 0.0234375 0.0625 0.0273438
116 0.269531 0.1875 0 0.03125 0.0195312 0.078125 0.0195312
117 0.308594 0.1875 0.00390625 0.046875 0.0234375 0.0625 0.03125
118 0.351562 0.1875 -0.00390625 0.046875 0.0351562 0.0625 0.0273438
119 0.40625 0.1875 -0.00390625 0.046875 0.046875 0.0625 0.0390625
120 0.472656 0.1875 0 0.046875 0.0273438 0.0625 0.0273438
121 0.519531 0.1875 -0.00390625 0.046875 0.0351562 0.0859375 0.0273438
122 0.574219 0.1875 0.00390625 0.046875 0.0234375 0.0625 0.0273438
65 0.617188 0.1875 -0.00390625 0.03125 0.0429688 0.078125 0.0351562
66 0.679688 0.1875 0.00390625 0.03125 0.0273438 0.078125 0.0351562
67 0.726562 0.1875 0.00390625 0.03125 0.0273438 0.078125 0.03125
68 0.773438 0.1875 0.00390625 0.03125 0.03125 0.078125 0.0390625
69 0.824219 0.1875 0.00390625 0.03125 0.0195312 0.078125 0.0273438
70 0.863281 0.1875 0.00390625 0.03125 0.0234375 0.078125 0.0273438
71 0.90625 0.1875 0.00390625 0.03125 0.03125 0.078125 0.0390625
72 0.0195312 0.335938 0.00390625 0.03125 0.03125 0.078125 0.0390625
73 0.0703125 0.335938 0 0.03125 0.0195312 0.078125 0.0195312
74 0.109375 0.335938 -0.0078125 0.03125 0.0195312 0.101562 0.0117188
75 0.148438 0.335938 0.00390625 0.03125 0.03125 0.078125 0.03125
76 0.199219 0.335938 0.00390625 0.03125 0.0234375 0.078125 0.0273438
77 0.242188 0.335938 0.00390625 0.03125 0.0390625 0.078125 0.046875
78 0.300781 0.335938 0.00390625 0.03125 0.03125 0.078125 0.0390625
79 0.351562 0.335938 0.00390625 0.03125 0.0351562 0.078125 0.0429688
80 0.40625 0.335938 0.00390625 0.03125 0.0234375 0.078125 0.03125
81 0.449219 0.335938 0.00390625 0.03125 0.0351562 0.09375 0.0429688
82 0.503906 0.335938 0.00390625 0.03125 0.0273438 0.078125 0.03125
83 0.550781 0.335938 0 0.03125 0.0273438 0.078125 0.0273438
84 0.597656 0.335938 0 0.03125 0.0273438 0.078125 0.0273438
85 0.644531 0.335938 0.00390625 0.03125 0.03125 0.078125 0.0390625
86 0.695312 0.335938 -0.00390625 0.03125 0.0390625 0.078125 0.03125
87 0.753906 0.335938 -0.00390625 0.03125 0.0585938 0.078125 0.0507812
88 0.832031 0.335938 -0.00390625 0.03125 0.0390625 0.078125 0.03125
89 0.890625 0.335938 -0.00390625 0.03125 0.0351562 0.078125 0.0273438
90 0.0195312 0.484375 0.00390625 0.03125 0.0234375 0.078125 0.03125
46 0.0625 0.484375 0.00390625 0.09375 0.0078125 0.015625 0.015625
44 0.0898438 0.484375 0.00390625 0.09375 0.0078125 0.0234375 0.015625
58 0.117188 0.484375 0.00390625 0.046875 0.0078125 0.0625 0.015625
59 0.144531 0.484375 0.00390625 0.046875 0.0078125 0.0703125 0.015625
64 0.171875 0.484375 0.00390625 0.03125 0.0390625 0.0859375 0.046875
35 0.230469 0.484375 0 0.03125 0.03125 0.078125 0.0351562
36 0.28125 0.484375 0.00390625 0.0234375 0.0234375 0.09375 0.03125
37 0.324219 0.484375 0.00390625 0.03125 0.0390625 0.078125 0.046875
94 0.382812 0.484375 0 0.03125 0.0273438 0.046875 0.0273438
38 0.429688 0.484375 0.00390625 0.03125 0.0351562 0.078125 0.0390625
42 0.484375 0.484375 0 0.0234375 0.0273438 0.046875 0.03125
33 0.53125 0.484375 0.00390625 0.03125 0.0078125 0.078125 0.015625
63 0.558594 0.484375 0 0.03125 0.0195312 0.078125 0.0234375
40 0.597656 0.484375 0.00390625 0.03125 0.015625 0.09375 0.015625
41 0.632812 0.484375 0 0.03125 0.0117188 0.09375 0.015625
91 0.664062 0.484375 0.00390625 0.03125 0.0117188 0.09375 0.015625
93 0.695312 0.484375 0 0.03125 0.0117188 0.09375 0.015625
123 0.726562 0.484375 0 0.03125 0.0195312 0.09375 0.0195312
125 0.765625 0.484375 0 0.03125 0.0195312 0.09375 0.0195312
60 0.804688 0.484375 0.00390625 0.046875 0.0234375 0.0546875 0.03125
62 0.847656 0.484375 0.00390625 0.046875 0.0234375 0.0546875 0.03125
95 0.890625 0.484375 0 0.117188 0.0234375 0.0078125 0.0234375
45 0.933594 0.484375 0.00390625 0.078125 0.0117188 0.015625 0.0195312
43 0.0195312 0.632812 0 0.046875 0.0273438 0.0546875 0.03125
61 0.0664062 0.632812 0 0.0546875 0.0273438 0.0390625 0.03125
124 0.113281 0.632812 0.0117188 0.0234375 0.0078125 0.109375 0.0273438
92 0.140625 0.632812 -0.00390625 0.03125 0.0273438 0.078125 0.0195312
47 0.1875 0.632812 -0.00390625 0.03125 0.0273438 0.078125 0.0195312
126 0.234375 0.632812 0.00390625 0.0625 0.0234375 0.0234375 0.03125
96 0.277344 0.632812 0.0117188 0.0234375 0.0117188 0.015625 0.03125
34 0.308594 0.632812 0.00390625 0.03125 0.0195312 0.03125 0.0234375
39 0.347656 0.632812 0.00390625 0.03125 0.0078125 0.03125 0.0117188
169 0.375 0.632812 0.00390625 0.03125 0.0390625 0.078125 0.046875
